 0.0286 0.3501 0 0 1 	
 0.2029 0.2940 0 0 1 	
 0.2892 0.3245 0 0 1 	
 0.0661 0.3447 0 0 1 	
 0.2546 0.3511 0 0 1 	
 0.3065 0.2902 0 0 1 	
 0.2314 0.3750 0 0 1 	
 0.0919 0.3020 0 0 1 	
 0.3119 0.4180 0 0 1 	
 0.1668 0.4048 0 0 1 	
 0.2003 0.3830 0 0 1 	
 0.1955 0.3895 0 0 1 	
 0.0074 0.3355 0 0 1 	
 0.1777 0.4005 0 0 1 	
 0.2657 0.3069 0 0 1 	
 0.1304 0.3796 0 0 1 	
 0.1280 0.2882 0 0 1 	
 0.1423 0.2754 0 0 1 	
 0.3012 0.4213 0 0 1 	
 0.0346 0.4863 0 0 1 	
 0.1112 0.3878 0 0 1 	
 0.3299 0.3179 0 0 1 	
 0.0275 0.3527 0 0 1 	
 0.2083 0.3519 0 0 1 	
 0.1419 0.3461 0 0 1 	
 0.3152 0.4116 0 0 1 	
 0.0621 0.4809 0 0 1 	
 0.2621 0.4699 0 0 1 	
 0.0808 0.2789 0 0 1 	
 0.2822 0.3360 0 0 1 	
 0.2432 0.4453 0 0 1 	
 0.0225 0.3960 0 0 1 	
 0.0668 0.3497 0 0 1 	
 0.1217 0.3589 0 0 1 	
 0.0582 0.4598 0 0 1 	
 0.1250 0.4452 0 0 1 	
 0.1002 0.4154 0 0 1 	
 0.1413 0.3635 0 0 1 	
 0.0817 0.2495 0 0 1 	
 0.1988 0.2924 0 0 1 	
 0.1169 0.4868 0 0 1 	
 0.1057 0.4888 0 0 1 	
 0.1810 0.4122 0 0 1 	
 0.0279 0.2908 0 0 1 	
 0.3115 0.4115 0 0 1 	
 0.0404 0.3324 0 0 1 	
 0.0520 0.3947 0 0 1 	
 0.3103 0.2804 0 0 1 	
 0.1153 0.3499 0 0 1 	
 0.0889 0.3557 0 0 1 	
 0.0955 0.4826 0 0 1 	
 0.2785 0.3524 0 0 1 	
 0.3297 0.3509 0 0 1 	
 0.0669 0.4758 0 0 1 	
 0.3161 0.4706 0 0 1 	
 0.2494 0.4988 0 0 1 	
 0.3205 0.4007 0 0 1 	
 0.1819 0.2698 0 0 1 	
 0.0230 0.3571 0 0 1 	
 0.0003 0.4405 0 0 1 	
 0.2157 0.3153 0 0 1 	
 0.3303 0.2927 0 0 1 	
 0.0856 0.4406 0 0 1 	
 0.3344 0.2993 0 0 1 	
 0.0649 0.3379 0 0 1 	
 0.2713 0.4001 0 0 1 	
 0.2327 0.4788 0 0 1 	
 0.1100 0.4621 0 0 1 	
 0.0144 0.2521 0 0 1 	
 0.2889 0.2705 0 0 1 	
 0.0579 0.4370 0 0 1 	
 0.0076 0.3647 0 0 1 	
 0.0488 0.2499 0 0 1 	
 0.1480 0.4444 0 0 1 	
 0.1431 0.4552 0 0 1 	
 0.1418 0.3755 0 0 1 	
 0.3302 0.3169 0 0 1 	
 0.2840 0.4348 0 0 1 	
 0.0310 0.3159 0 0 1 	
 0.2063 0.2921 0 0 1 	
 0.2254 0.4303 0 0 1 	
 0.1869 0.4253 0 0 1 	
 0.0698 0.3070 0 0 1 	
 0.1980 0.2864 0 0 1 	
 0.2525 0.3655 0 0 1 	
 0.2352 0.3846 0 0 1 	
 0.2380 0.3836 0 0 1 	
 0.0832 0.4620 0 0 1 	
 0.1188 0.4558 0 0 1 	
 0.1667 0.4694 0 0 1 	
 0.1402 0.3009 0 0 1 	
 0.2795 0.3927 0 0 1 	
 0.0358 0.3616 0 0 1 	
 0.1130 0.4982 0 0 1 	
 0.0408 0.4387 0 0 1 	
 0.0695 0.3157 0 0 1 	
 0.1091 0.3209 0 0 1 	
 0.1189 0.3542 0 0 1 	
 0.1913 0.3430 0 0 1 	
 0.3181 0.3305 0 0 1 	
 0.1052 0.3163 0 0 1 	
 0.0854 0.4995 0 0 1 	
 0.0829 0.4142 0 0 1 	
 0.1948 0.3999 0 0 1 	
 0.1934 0.4875 0 0 1 	
 0.3227 0.2893 0 0 1 	
 0.2462 0.4027 0 0 1 	
 0.0634 0.3135 0 0 1 	
 0.2659 0.2961 0 0 1 	
 0.3080 0.3426 0 0 1 	
 0.2445 0.4233 0 0 1 	
 0.0844 0.2553 0 0 1 	
 0.1106 0.2922 0 0 1 	
 0.2764 0.4009 0 0 1 	
 0.1875 0.3241 0 0 1 	
 0.1038 0.2646 0 0 1 	
 0.3351 0.2796 0 0 1 	
 0.3504 0.3365 0 0 1 	
 0.2149 0.3471 0 0 1 	
 0.3558 0.2865 0 0 1 	
 0.1513 0.3022 0 0 1 	
 0.2898 0.3630 0 0 1 	
 0.3323 0.3677 0 0 1 	
 0.1487 0.3291 0 0 1 	
 0.3067 0.2972 0 0 1 	
 0.0154 0.4439 0 0 1 	
 0.0429 0.4225 0 0 1 	
 0.1832 0.3296 0 0 1 	
 0.2423 0.3765 0 0 1 	
 0.1963 0.3895 0 0 1 	
 0.2777 0.2591 0 0 1 	
 0.2646 0.4024 0 0 1 	
 0.3299 0.3023 0 0 1 	
 0.1742 0.3586 0 0 1 	
 0.0499 0.3418 0 0 1 	
 0.1047 0.4800 0 0 1 	
 0.2818 0.4947 0 0 1 	
 0.2898 0.3956 0 0 1 	
 0.0590 0.4798 0 0 1 	
 0.0711 0.4482 0 0 1 	
 0.1550 0.4053 0 0 1 	
 0.1101 0.4428 0 0 1 	
 0.3348 0.3697 0 0 1 	
 0.3339 0.4136 0 0 1 	
 0.2192 0.3644 0 0 1 	
 0.2333 0.4610 0 0 1 	
 0.0228 0.3276 0 0 1 	
 0.0923 0.3814 0 0 1 	
 0.1916 0.4477 0 0 1 	
 0.3110 0.2537 0 0 1 	
 0.1338 0.2526 0 0 1 	
 0.1069 0.3989 0 0 1 	
 0.1843 0.3771 0 0 1 	
 0.3117 0.3052 0 0 1 	
 0.2082 0.3359 0 0 1 	
 0.0004 0.4624 0 0 1 	
 0.0093 0.4364 0 0 1 	
 0.2536 0.4473 0 0 1 	
 0.2449 0.4686 0 0 1 	
 0.0212 0.3422 0 0 1 	
 0.0987 0.4365 0 0 1 	
 0.1298 0.4725 0 0 1 	
 0.0835 0.4495 0 0 1 	
 0.3257 0.4261 0 0 1 	
 0.0586 0.4393 0 0 1 	
 0.2676 0.3801 0 0 1 	
 0.0241 0.3178 0 0 1 	
 0.0040 0.3740 0 0 1 	
 0.0874 0.3224 0 0 1 	
 0.0343 0.4425 0 0 1 	
 0.2971 0.4318 0 0 1 	
 0.0235 0.2929 0 0 1 	
 0.1204 0.4220 0 0 1 	
 0.1931 0.2529 0 0 1 	
 0.0637 0.4972 0 0 1 	
 0.2677 0.4313 0 0 1 	
 0.2015 0.3028 0 0 1 	
 0.1975 0.4740 0 0 1 	
 0.2804 0.4399 0 0 1 	
 0 		0.3168 0 0 1 	
 0.0088 0.3680 0 0 1 	
 0.2239 0.3003 0 0 1 	
 0.2337 0.2696 0 0 1 	
 0.1599 0.3216 0 0 1 	
 0.0915 0.2968 0 0 1 	
 0.0538 0.3107 0 0 1 	
 0.3074 0.3157 0 0 1 	
 0.2495 0.2778 0 0 1 	
 0.1284 0.4490 0 0 1 	
 0.0878 0.3195 0 0 1 	
 0.1426 0.3103 0 0 1 	
 0.0119 0.4967 0 0 1 	
 0.1002 0.4802 0 0 1 	
 0.0725 0.3300 0 0 1 	
 0.2930 0.4291 0 0 1 	
 0.3196 0.3664 0 0 1 	
 0.0206 0.2745 0 0 1 	
 0.1841 0.4590 0 0 1 	
 0.1241 0.3932 0 0 1 	
 0.2537 0.4161 0 0 1 	
 0.8363 0.1488 0 1 0  	
 0.9151 0.1596 0 1 0  	
 0.9001 0.1758 0 1 0  	
 0.7372 0.1949 0 1 0  	
 0.9737 0.1260 0 1 0  	
 0.8214 0.0529 0 1 0  	
 0.8109 0.1864 0 1 0  	
 0.8119 0.0165 0 1 0  	
 0.8695 0.0042 0 1 0  	
 0.7887 0.1463 0 1 0  	
 0.9320 0.0224 0 1 0  	
 0.9691 0.2319 0 1 0  	
 0.9959 0.2310 0 1 0  	
 0.7430 0.0475 0 1 0  	
 0.7820 0.2325 0 1 0  	
 0.7909 0.1675 0 1 0  	
 0.9602 0.1894 0 1 0  	
 0.8662 0.2156 0 1 0  	
 0.6942 0.1340 0 1 0  	
 0.6858 0.1818 0 1 0  	
 0.7202 0.1389 0 1 0  	
 0.6710 0.0106 0 1 0  	
 0.9138 0.0004 0 1 0  	
 0.9288 0.0967 0 1 0  	
 0.6926 0.1083 0 1 0  	
 0.9017 0.0740 0 1 0  	
 0.8032 0.0317 0 1 0  	
 0.8988 0.1652 0 1 0  	
 0.8660 0.1120 0 1 0  	
 0.8258 0.0336 0 1 0  	
 0.8670 0.0761 0 1 0  	
 0.6503 0.1732 0 1 0  	
 0.7349 0.0108 0 1 0  	
 0.7258 0.0758 0 1 0  	
 0.7549 0.0649 0 1 0  	
 0.8402 0.0219 0 1 0  	
 0.9142 0.2355 0 1 0  	
 0.8521 0.1298 0 1 0  	
 0.9881 0.2217 0 1 0  	
 0.7915 0.0550 0 1 0  	
 0.7466 0.1511 0 1 0  	
 0.9655 0.2377 0 1 0  	
 0.9805 0.2483 0 1 0  	
 0.9339 0.1802 0 1 0  	
 0.8150 0.0305 0 1 0  	
 0.7810 0 	   0 1 0  	
 0.7662 0.2034 0 1 0  	
 0.7848 0.2393 0 1 0  	
 0.9159 0.1626 0 1 0  	
 1 	    0.1906 0 1 0  	
 0.7408 0.1065 0 1 0  	
 0.7765 0.0318 0 1 0  	
 0.7135 0.1301 0 1 0  	
 0.8312 0.1574 0 1 0  	
 0.7446 0.2194 0 1 0  	
 0.8929 0.1137 0 1 0  	
 0.7301 0.0574 0 1 0  	
 0.8900 0.0066 0 1 0  	
 0.9218 0.1355 0 1 0  	
 0.9185 0.0742 0 1 0  	
 0.8454 0.0979 0 1 0  	
 0.7365 0.1431 0 1 0  	
 0.7293 0.1604 0 1 0  	
 0.7416 0.2170 0 1 0  	
 0.8397 0.1515 0 1 0  	
 0.6956 0.0795 0 1 0  	
 0.9496 0.2451 0 1 0  	
 0.7394 0.2379 0 1 0  	
 0.8017 0.0355 0 1 0  	
 0.8192 0.1042 0 1 0  	
 0.8000 0.0716 0 1 0  	
 0.6478 0.0937 0 1 0  	
 0.9364 0.2118 0 1 0  	
 0.9738 0.0464 0 1 0  	
 0.9634 0.0769 0 1 0  	
 0.8987 0.2096 0 1 0  	
 0.9229 0.2033 0 1 0  	
 0.8128 0.1343 0 1 0  	
 0.6804 0.2040 0 1 0  	
 0.6751 0.1985 0 1 0  	
 0.7599 0.1587 0 1 0  	
 0.9556 0.0725 0 1 0  	
 0.9880 0.0932 0 1 0  	
 0.6839 0.0222 0 1 0  	
 0.8840 0.0781 0 1 0  	
 0.7704 0.2317 0 1 0  	
 0.7483 0.0567 0 1 0  	
 0.6730 0.1763 0 1 0  	
 0.9719 0.1131 0 1 0  	
 0.7893 0.0412 0 1 0  	
 0.9649 0.0135 0 1 0  	
 0.9571 0.0263 0 1 0  	
 0.8907 0.2221 0 1 0  	
 0.8697 0.0778 0 1 0  	
 0.6465 0.1288 0 1 0  	
 0.7894 0.1904 0 1 0  	
 0.9549 0.1458 0 1 0  	
 0.8892 0.0576 0 1 0  	
 0.7570 0.0575 0 1 0  	
 0.8229 0.0169 0 1 0  	
 0.7464 0.1531 0 1 0  	
 0.6793 0.1191 0 1 0  	
 0.9388 0.0656 0 1 0  	
 0.7962 0.1081 0 1 0  	
 0.9500 0.1975 0 1 0  	
 0.7871 0.0632 0 1 0  	
 0.9459 0.0448 0 1 0  	
 0.9676 0.0786 0 1 0  	
 0.8607 0.1955 0 1 0  	
 0.9841 0.2028 0 1 0  	
 0.9348 0.1732 0 1 0  	
 0.7242 0.0343 0 1 0  	
 0.9265 0.2423 0 1 0  	
 0.7255 0.0569 0 1 0  	
 0.7037 0.1706 0 1 0  	
 0.6727 0.1539 0 1 0  	
 0.8650 0.0344 0 1 0  	
 0.7895 0.1406 0 1 0  	
 0.8090 0.0395 0 1 0  	
 0.7193 0.0472 0 1 0  	
 0.9733 0.1057 0 1 0  	
 0.9175 0.1319 0 1 0  	
 0.9488 0.2069 0 1 0  	
 0.8324 0.1199 0 1 0  	
 0.6744 0.1904 0 1 0  	
 0.9181 0.0537 0 1 0  	
 0.8061 0.0710 0 1 0  	
 0.9411 0.0677 0 1 0  	
 0.9105 0.1425 0 1 0  	
 0.9287 0.2383 0 1 0  	
 0.8663 0.1965 0 1 0  	
 0.6648 0.1510 0 1 0  	
 0.6592 0.1921 0 1 0  	
 0.9055 0.0746 0 1 0  	
 0.8309 0.0264 0 1 0  	
 0.8889 0.1282 0 1 0  	
 0.8335 0.1271 0 1 0  	
 0.7432 0.2182 0 1 0  	
 0.8471 0.0677 0 1 0  	
 0.9476 0.2315 0 1 0  	
 0.6580 0.1817 0 1 0  	
 0.8190 0.0459 0 1 0  	
 0.8043 0.0780 0 1 0  	
 0.6973 0.0864 0 1 0  	
 0.9929 0.0825 0 1 0  	
 0.7201 0.1362 0 1 0  	
 0.8700 0.0267 0 1 0  	
 0.7323 0.0529 0 1 0  	
 0.8908 0.1599 0 1 0  	
 0.9666 0.0528 0 1 0  	
 0.8285 0.1624 0 1 0  	
 0.8191 0.0064 0 1 0  	
 0.6959 0.2446 0 1 0  	
 0.9910 0.1299 0 1 0  	
 0.8008 0.0729 0 1 0  	
 0.8908 0.2420 0 1 0  	
 0.8547 0.1014 0 1 0  	
 0.8700 0.2104 0 1 0  	
 0.8307 0.1946 0 1 0  	
 0.6792 0.1479 0 1 0  	
 0.7140 0.2273 0 1 0  	
 0.8179 0.0324 0 1 0  	
 0.6812 0.1675 0 1 0  	
 0.6734 0.1020 0 1 0  	
 0.6811 0.1814 0 1 0  	
 0.6835 0.0002 0 1 0  	
 0.8471 0.1183 0 1 0  	
 0.8729 0.1996 0 1 0  	
 0.8143 0.2291 0 1 0  	
 0.8736 0.1269 0 1 0  	
 0.7035 0.2357 0 1 0  	
 0.9773 0.1351 0 1 0  	
 0.9614 0.2262 0 1 0  	
 0.9664 0.2262 0 1 0  	
 0.7400 0.1395 0 1 0  	
 0.7447 0.1330 0 1 0  	
 0.7301 0.0613 0 1 0  	
 0.9626 0.1334 0 1 0  	
 0.7984 0.0749 0 1 0  	
 0.9770 0.2284 0 1 0  	
 0.7307 0.0588 0 1 0  	
 0.9136 0.0798 0 1 0  	
 0.7373 0.1605 0 1 0  	
 0.8331 0.2294 0 1 0  	
 0.9067 0.0066 0 1 0  	
 0.7147 0.0644 0 1 0  	
 0.7850 0.0526 0 1 0  	
 0.8150 0.0510 0 1 0  	
 0.7493 0.0369 0 1 0  	
 0.6465 0.1856 0 1 0  	
 0.9246 0.0611 0 1 0  	
 0.8446 0.2372 0 1 0  	
 0.7175 0.1187 0 1 0  	
 0.8218 0.2190 0 1 0  	
 0.7644 0.1344 0 1 0  	
 0.9702 0.1266 0 1 0  	
 0.7637 0.0574 0 1 0  	
 0.6750 0.2289 0 1 0  	
 0.7951 0.0276 0 1 0  	
 0.6980 0.1775 0 1 0  	
 0.7312 0.9671 1 0 0  	
 0.4933 0.8458 1 0 0  	
 0.4889 0.8235 1 0 0  	
 0.5339 0.8473 1 0 0  	
 0.5159 0.7790 1 0 0  	
 0.7761 0.9559 1 0 0  	
 0.6453 0.8429 1 0 0  	
 0.6335 0.7854 1 0 0  	
 0.6197 0.9196 1 0 0  	
 0.5215 0.9351 1 0 0  	
 0.6435 0.9445 1 0 0  	
 0.5961 0.8290 1 0 0  	
 0.6755 0.8521 1 0 0  	
 0.4825 0.8801 1 0 0  	
 0.7105 0.7522 1 0 0  	
 0.5532 0.7910 1 0 0  	
 0.6225 0.8739 1 0 0  	
 0.6989 0.8683 1 0 0  	
 0.6771 0.7624 1 0 0  	
 0.4829 0.9082 1 0 0  	
 0.7200 0.9761 1 0 0  	
 0.7096 0.9543 1 0 0  	
 0.5825 0.8446 1 0 0  	
 0.4925 0.8599 1 0 0  	
 0.5625 0.8682 1 0 0  	
 0.6276 0.7616 1 0 0  	
 0.5668 0.9544 1 0 0  	
 0.6820 0.8038 1 0 0  	
 0.6281 0.7923 1 0 0  	
 0.6129 0.9584 1 0 0  	
 0.6374 0.8391 1 0 0  	
 0.5612 0.8547 1 0 0  	
 0.6318 0.7792 1 0 0  	
 0.7255 0.8128 1 0 0  	
 0.7488 0.7858 1 0 0  	
 0.5209 0.8873 1 0 0  	
 0.5147 0.7822 1 0 0  	
 0.8216 0.9552 1 0 0  	
 0.6518 0.8965 1 0 0  	
 0.5959 0.9213 1 0 0  	
 0.6155 0.9437 1 0 0  	
 0.4903 0.9112 1 0 0  	
 0.6802 0.9391 1 0 0  	
 0.4747 0.8566 1 0 0  	
 0.7920 0.9292 1 0 0  	
 0.6469 0.8731 1 0 0  	
 0.5257 0.9808 1 0 0  	
 0.6089 0.9500 1 0 0  	
 0.7787 0.9400 1 0 0  	
 0.5583 0.7559 1 0 0  	
 0.7703 0.7530 1 0 0  	
 0.5905 0.8097 1 0 0  	
 0.5497 0.9995 1 0 0  	
 0.6843 0.7642 1 0 0  	
 0.8030 0.9935 1 0 0  	
 0.5366 0.7865 1 0 0  	
 0.4859 0.8383 1 0 0  	
 0.5979 0.9416 1 0 0  	
 0.5725 0.9600 1 0 0  	
 0.5565 0.8092 1 0 0  	
 0.6771 0.9000 1 0 0  	
 0.7973 0.8628 1 0 0  	
 0.7205 0.9461 1 0 0  	
 0.7208 0.8833 1 0 0  	
 0.5043 0.7700 1 0 0  	
 0.8104 0.8138 1 0 0  	
 0.7683 0.8082 1 0 0  	
 0.6331 0.8517 1 0 0  	
 0.7917 0.9549 1 0 0  	
 0.6841 0.9218 1 0 0  	
 0.6219 0.8175 1 0 0  	
 0.5599 0.7854 1 0 0  	
 0.6879 0.8913 1 0 0  	
 0.8173 0.9696 1 0 0  	
 0.5645 0.9413 1 0 0  	
 0.5836 0.8501 1 0 0  	
 0.5375 0.8402 1 0 0  	
 0.5732 0.9096 1 0 0  	
 0.5983 0.9420 1 0 0  	
 0.5760 0.8703 1 0 0  	
 0.8230 0.8252 1 0 0  	
 0.5491 0.8062 1 0 0  	
 0.6088 0.9367 1 0 0  	
 0.5179 0.9804 1 0 0  	
 0.5919 0.8521 1 0 0  	
 0.6702 0.9888 1 0 0  	
 0.8084 0.8943 1 0 0  	
 0.4725 0.8598 1 0 0  	
 0.6486 0.9486 1 0 0  	
 0.7946 0.8835 1 0 0  	
 0.6497 0.9723 1 0 0  	
 0.6148 0.9212 1 0 0  	
 0.6650 0.9410 1 0 0  	
 0.5677 0.8012 1 0 0  	
 0.6486 0.9339 1 0 0  	
 0.4923 0.9450 1 0 0  	
 0.7275 0.9104 1 0 0  	
 0.5244 0.9474 1 0 0  	
 0.6031 0.8526 1 0 0  	
 0.7314 0.9381 1 0 0  	
 0.6920 0.8292 1 0 0  	
 0.5454 0.9313 1 0 0  	
 0.4979 0.7853 1 0 0  	
 0.7881 0.9123 1 0 0  	
 0.6715 0.9866 1 0 0  	
 0.6212 0.9524 1 0 0  	
 0.5670 0.9849 1 0 0  	
 0.7904 0.9860 1 0 0  	
 0.5167 0.9454 1 0 0  	
 0.8228 0.8593 1 0 0  	
 0.5715 0.9925 1 0 0  	
 0.6850 0.8373 1 0 0  	
 0.6530 0.8915 1 0 0  	
 0.5734 0.9929 1 0 0  	
 0.6898 0.9112 1 0 0  	
 0.7690 0.8320 1 0 0  	
 0.4773 0.8009 1 0 0  	
 0.6459 0.8662 1 0 0  	
 0.5984 0.9820 1 0 0  	
 0.7048 0.8151 1 0 0  	
 0.5340 0.9610 1 0 0  	
 0.6361 0.9282 1 0 0  	
 0.8094 	 1 1 0 0  
 0.6059 0.9588 1 0 0  	
 0.5335 0.8985 1 0 0  	
 0.7615 0.8756 1 0 0  	
 0.4917 0.7778 1 0 0  	
 0.6165 0.7573 1 0 0  	
 0.7826 0.8121 1 0 0  	
 0.7211 0.8672 1 0 0  	
 0.5430 0.8518 1 0 0  	
 0.7661 0.9232 1 0 0  	
 0.4870 0.8967 1 0 0  	
 0.6641 0.8793 1 0 0  	
 0.7306 0.8731 1 0 0  	
 0.4732 0.8626 1 0 0  	
 0.7425 0.8635 1 0 0  	
 0.4722 0.9489 1 0 0  	
 0.6370 0.9716 1 0 0  	
 0.7518 0.9079 1 0 0  	
 0.8031 0.8052 1 0 0  	
 0.6027 0.9328 1 0 0  	
 0.6789 0.8772 1 0 0  	
 0.5337 0.9592 1 0 0  	
 0.4931 0.9279 1 0 0  	
 0.6376 0.9433 1 0 0  	
 0.4696 0.8093 1 0 0  	
 0.7347 0.9525 1 0 0  	
 0.4833 0.8108 1 0 0  	
 0.5291 0.8745 1 0 0  	
 0.5110 0.8561 1 0 0  	
 0.8260 0.8830 1 0 0  	
 0.7041 0.7559 1 0 0  	
 0.5016 0.7897 1 0 0  	
 0.7944 0.7855 1 0 0  	
 0.6497 0.9634 1 0 0  	
 0.7897 0.8333 1 0 0  	
 0.5678 0.8219 1 0 0  	
 0.5091 0.8673 1 0 0  	
 0.7141 0.9610 1 0 0  	
 0.6869 0.8090 1 0 0  	
 0.6274 0.9119 1 0 0  	
 0.4824 0.9975 1 0 0  	
 0.7929 0.9720 1 0 0  	
 0.8126 0.8422 1 0 0  	
 0.5065 0.8781 1 0 0  	
 0.5229 0.8720 1 0 0  	
 0.4829 0.9725 1 0 0  	
 0.7883 0.9273 1 0 0  	
 0.7519 0.7854 1 0 0  	
 0.5545 0.9402 1 0 0  	
 0.5749 0.9028 1 0 0  	
 0.6008 0.7873 1 0 0  	
 0.6083 0.8723 1 0 0  	
 0.4794 0.8064 1 0 0  	
 0.8210 0.9643 1 0 0  	
 0.7374 0.9562 1 0 0  	
 0.7621 0.9721 1 0 0  	
 0.5811 0.7677 1 0 0  	
 0.6683 0.8913 1 0 0  	
 0.4709 0.7546 1 0 0  	
 0.6794 0.9305 1 0 0  	
 0.6857 0.7716 1 0 0  	
 0.7212 0.9358 1 0 0  	
 0.6369 0.9758 1 0 0  	
 0.5656 0.9971 1 0 0  	
 0.7087 0.8873 1 0 0  	
 0.6543 0.8355 1 0 0  	
 0.6083 0.7890 1 0 0  	
 0.8102 0.8084 1 0 0  	
 0.5355 0.7596 1 0 0  	
 0.7845 0.8644 1 0 0  	
 0.7379 0.8721 1 0 0  	
 0.5686 0.8843 1 0 0  	
 0.6573 0.8683 1 0 0  	
 0.6028 0.8214 1 0 0  	
 0.6297 0.8466 1 0 0  	
 0.5013 0.9658 1 0 0  	
 0.8090 0.760  1 0 0  	
 0.6603 0.7543 1 0 0  	


